0.0006830601092896175
0.0006830601092896175
0.0006830601092896175
0.0006830601092896175
0.0006830601092896175
0.0006830601092896175
0.0006830601092896175
0.0006830601092896175
0.0006830601092896175
0.0006830601092896175
0.0006830601092896175
0.0006830601092896175
0.045189818809318376
0.03289473684210526
0.03289473684210526
0.03289473684210526
0.025510204081632654
0.026595744680851064
0.06410256410256411
0.27778180763092997
0.16282851938589646
0.17857142857142858
0.004098360655737705
0.006147540983606558
0.006147540983606558
0.0006830601092896175
0.0006830601092896175
0.0006830601092896175
0.0006830601092896175
0.0006830601092896175
0.0006830601092896175
0.0006830601092896175
0.0006830601092896175
0.0006830601092896175
0.0006830601092896175
0.0006830601092896175
0.0006830601092896175
0.045189818809318376
0.03289473684210526
0.03289473684210526
0.03289473684210526
0.025510204081632654
0.026595744680851064
0.06410256410256411
0.27778180763092997
0.16282851938589646
0.17857142857142858
0.004098360655737705
0.006147540983606558
0.006147540983606558
0.0006830601092896175
0.0006830601092896175
0.0006830601092896175
0.0006830601092896175
0.0006830601092896175
0.0006830601092896175
0.0006830601092896175
0.0006830601092896175
0.0006830601092896175
0.0006830601092896175
0.0006830601092896175
0.0006830601092896175
0.045189818809318376
0.03289473684210526
0.03289473684210526
0.03289473684210526
0.025510204081632654
0.026595744680851064
0.06410256410256411
0.27778180763092997
0.16282851938589646
0.17857142857142858
0.004098360655737705
0.006147540983606558
0.006147540983606558
0.0006830601092896175
0.0006830601092896175
0.0006830601092896175
0.0006830601092896175
0.0006830601092896175
0.0006830601092896175
0.0006830601092896175
0.0006830601092896175
0.0006830601092896175
0.0006830601092896175
0.0006830601092896175
0.0006830601092896175
0.045189818809318376
0.03289473684210526
0.03289473684210526
0.03289473684210526
0.025510204081632654
0.026595744680851064
0.06410256410256411
0.27778180763092997
0.16282851938589646
0.17857142857142858
0.004098360655737705
0.006147540983606558
0.006147540983606558
0.0006830601092896175
0.0006830601092896175
0.0006830601092896175
0.0006830601092896175
0.0006830601092896175
0.0006830601092896175
0.0006830601092896175
0.0006830601092896175
0.0006830601092896175
0.0006830601092896175
0.0006830601092896175
0.0006830601092896175
0.045189818809318376
0.03289473684210526
0.03289473684210526
0.03289473684210526
0.025510204081632654
0.026595744680851064
0.06410256410256411
0.27778180763092997
0.16282851938589646
0.17857142857142858
0.004098360655737705
0.006147540983606558
0.006147540983606558
0.0006830601092896175
0.0006830601092896175
0.0006830601092896175
0.0006830601092896175
0.0006830601092896175
0.0006830601092896175
0.0006830601092896175
0.0006830601092896175
0.0006830601092896175
0.0006830601092896175
0.0006830601092896175
0.0006830601092896175
0.045189818809318376
0.03289473684210526
0.03289473684210526
0.03289473684210526
0.025510204081632654
0.026595744680851064
0.06410256410256411
0.27778180763092997
0.16282851938589646
0.17857142857142858
0.004098360655737705
0.006147540983606558
0.006147540983606558
0.0006830601092896175
0.0006830601092896175
0.0006830601092896175
0.0006830601092896175
0.0006830601092896175
0.0006830601092896175
0.0006830601092896175
0.0006830601092896175
0.0006830601092896175
0.0006830601092896175
0.0006830601092896175
0.0006830601092896175
0.045189818809318376
0.03289473684210526
0.03289473684210526
0.03289473684210526
0.025510204081632654
0.026595744680851064
0.06410256410256411
0.27778180763092997
0.16282851938589646
0.17857142857142858
0.004098360655737705
0.006147540983606558
0.006147540983606558
0.0006830601092896175
0.0006830601092896175
0.0006830601092896175
0.0006830601092896175
0.0006830601092896175
0.0006830601092896175
0.0006830601092896175
0.0006830601092896175
0.0006830601092896175
0.0006830601092896175
0.0006830601092896175
0.0006830601092896175
0.045189818809318376
0.03289473684210526
0.03289473684210526
0.03289473684210526
0.025510204081632654
0.026595744680851064
0.06410256410256411
0.27778180763092997
0.16282851938589646
0.17857142857142858
0.004098360655737705
0.006147540983606558
0.006147540983606558
0.0006830601092896175
0.0006830601092896175
0.0006830601092896175
0.0006830601092896175
0.0006830601092896175
0.0006830601092896175
0.0006830601092896175
0.0006830601092896175
0.0006830601092896175
0.0006830601092896175
0.0006830601092896175
0.0006830601092896175
0.045189818809318376
0.03289473684210526
0.03289473684210526
0.03289473684210526
0.025510204081632654
0.026595744680851064
0.06410256410256411
0.27778180763092997
0.16282851938589646
0.17857142857142858
0.004098360655737705
0.006147540983606558
0.006147540983606558
0.0006830601092896175
0.0006830601092896175
0.0006830601092896175
0.0006830601092896175
0.0006830601092896175
0.0006830601092896175
0.0006830601092896175
0.0006830601092896175
0.0006830601092896175
0.0006830601092896175
0.0006830601092896175
0.0006830601092896175
0.045189818809318376
0.03289473684210526
0.03289473684210526
0.03289473684210526
0.025510204081632654
0.026595744680851064
0.06410256410256411
0.27778180763092997
0.16282851938589646
0.17857142857142858
0.004098360655737705
0.006147540983606558
0.006147540983606558
0.0006830601092896175
0.0006830601092896175
0.0006830601092896175
0.0006830601092896175
0.0006830601092896175
0.0006830601092896175
0.0006830601092896175
0.0006830601092896175
0.0006830601092896175
0.0006830601092896175
0.0006830601092896175
0.0006830601092896175
0.045189818809318376
0.03289473684210526
0.03289473684210526
0.03289473684210526
0.025510204081632654
0.026595744680851064
0.06410256410256411
0.27778180763092997
0.16282851938589646
0.17857142857142858
0.004098360655737705
0.006147540983606558
0.006147540983606558
0.0006830601092896175
0.0006830601092896175
0.0006830601092896175
0.0006830601092896175
0.0006830601092896175
0.0006830601092896175
0.0006830601092896175
0.0006830601092896175
0.0006830601092896175
0.0006830601092896175
0.0006830601092896175
0.0006830601092896175
0.045189818809318376
0.03289473684210526
0.03289473684210526
0.03289473684210526
0.025510204081632654
0.026595744680851064
0.06410256410256411
0.27778180763092997
0.16282851938589646
0.17857142857142858
0.004098360655737705
0.006147540983606558
0.006147540983606558
0.0037658182341098645
0.0037658182341098645
0.0037658182341098645
0.0037658182341098645
0.0037658182341098645
0.0037658182341098645
0.0037658182341098645
0.0037658182341098645
0.0037658182341098645
0.0037658182341098645
0.0037658182341098645
0.0037658182341098645
0.24342105263157895
0.24342105263157895
0.24342105263157895
0.24342105263157895
0.5447771213748658
0.2113661814109742
0.3510458839406208
0.8569515603167212
0.6691729323308272
0.36395676691729323
0.1074561403508772
0.10931174089068828
0.12356746356378122
0.0027412280701754384
0.0027412280701754384
0.0027412280701754384
0.0027412280701754384
0.0027412280701754384
0.0027412280701754384
0.0027412280701754384
0.0027412280701754384
0.0027412280701754384
0.0027412280701754384
0.0027412280701754384
0.0027412280701754384
0.24342105263157895
0.24342105263157895
0.24342105263157895
0.24342105263157895
0.5447771213748658
0.2113661814109742
0.3510458839406208
0.8569515603167212
0.6691729323308272
0.36395676691729323
0.1074561403508772
0.10931174089068828
0.12356746356378122
0.0027412280701754384
0.0027412280701754384
0.0027412280701754384
0.0027412280701754384
0.0027412280701754384
0.0027412280701754384
0.0027412280701754384
0.0027412280701754384
0.0027412280701754384
0.0027412280701754384
0.0027412280701754384
0.0027412280701754384
0.24342105263157895
0.24342105263157895
0.24342105263157895
0.24342105263157895
0.5447771213748658
0.2113661814109742
0.3510458839406208
0.8569515603167212
0.6691729323308272
0.36395676691729323
0.1074561403508772
0.10931174089068828
0.12356746356378122
0.0027412280701754384
0.0027412280701754384
0.0027412280701754384
0.0027412280701754384
0.0027412280701754384
0.0027412280701754384
0.0027412280701754384
0.0027412280701754384
0.0027412280701754384
0.0027412280701754384
0.0027412280701754384
0.0027412280701754384
0.24342105263157895
0.24342105263157895
0.24342105263157895
0.24342105263157895
0.5447771213748658
0.2113661814109742
0.3510458839406208
0.8569515603167212
0.6691729323308272
0.36395676691729323
0.1074561403508772
0.10931174089068828
0.12356746356378122
0.0004251700680272108
0.0004251700680272108
0.0004251700680272108
0.0004251700680272108
0.0004251700680272108
0.0004251700680272108
0.0004251700680272108
0.0004251700680272108
0.0004251700680272108
0.0004251700680272108
0.0004251700680272108
0.0004251700680272108
0.10895542427497315
0.10895542427497315
0.10895542427497315
0.10895542427497315
3.2142857142857144
0.46743378202344765
0.3712715855572998
0.8839624345313347
1.0958049886621315
0.211734693877551
0.1313999283924096
0.07554945054945054
0.0841028841533063
0.00044326241134751767
0.00044326241134751767
0.00044326241134751767
0.00044326241134751767
0.00044326241134751767
0.00044326241134751767
0.00044326241134751767
0.00044326241134751767
0.00044326241134751767
0.00044326241134751767
0.00044326241134751767
0.00044326241134751767
0.04227323628219484
0.04227323628219484
0.04227323628219484
0.04227323628219484
0.46743378202344765
2.5851063829787235
0.5537370430987452
0.3294577292411975
0.98919284025667
0.29711246200607905
0.11618141097424411
0.14791325695581015
0.16787126869814023
0.0005341880341880342
0.0005341880341880342
0.0005341880341880342
0.0005341880341880342
0.0005341880341880342
0.0005341880341880342
0.0005341880341880342
0.0005341880341880342
0.0005341880341880342
0.0005341880341880342
0.0005341880341880342
0.0005341880341880342
0.03510458839406208
0.03510458839406208
0.03510458839406208
0.03510458839406208
0.1856357927786499
0.2768685215493726
1.794871794871795
0.2447810301792603
0.41178266178266176
0.4416208791208791
0.08316464237516868
0.09455128205128205
0.10738143245706566
0.002314848396924416
0.002314848396924416
0.002314848396924416
0.002314848396924416
0.002314848396924416
0.002314848396924416
0.002314848396924416
0.002314848396924416
0.002314848396924416
0.002314848396924416
0.002314848396924416
0.002314848396924416
0.0856951560316721
0.0856951560316721
0.0856951560316721
0.0856951560316721
0.44198121726566736
0.16472886462059874
0.2447810301792603
0.6371681415929203
0.21210844219693775
0.21361409608091025
0.15859338612016768
0.033270932607215795
0.03754764940914367
0.0013569043282158036
0.0013569043282158036
0.0013569043282158036
0.0013569043282158036
0.0013569043282158036
0.0013569043282158036
0.0013569043282158036
0.0013569043282158036
0.0013569043282158036
0.0013569043282158036
0.0013569043282158036
0.0013569043282158036
0.06691729323308271
0.06691729323308271
0.06691729323308271
0.06691729323308271
0.5479024943310657
0.494596420128335
0.41178266178266176
0.21210844219693775
0.626984126984127
0.20386904761904762
0.12447786131996658
0.14942002442002442
0.16510131936042663
0.001488095238095238
0.001488095238095238
0.001488095238095238
0.001488095238095238
0.001488095238095238
0.001488095238095238
0.001488095238095238
0.001488095238095238
0.001488095238095238
0.001488095238095238
0.001488095238095238
0.001488095238095238
0.03639567669172932
0.03639567669172932
0.03639567669172932
0.03639567669172932
0.1058673469387755
0.14855623100303952
0.4416208791208791
0.21361409608091025
0.20386904761904762
0.44642857142857145
0.18115601503759396
0.08602335164835165
0.09315121298489809
0.000034153005464480874
0.000034153005464480874
0.000034153005464480874
0.000034153005464480874
0.000034153005464480874
0.000034153005464480874
0.000034153005464480874
0.000034153005464480874
0.000034153005464480874
0.000034153005464480874
0.000034153005464480874
0.000034153005464480874
0.010745614035087718
0.010745614035087718
0.010745614035087718
0.010745614035087718
0.0656999641962048
0.05809070548712206
0.08316464237516868
0.15859338612016768
0.12447786131996658
0.18115601503759396
0.35087719298245607
0.09058704453441295
0.0991404781382687
0.00005122950819672131
0.00005122950819672131
0.00005122950819672131
0.00005122950819672131
0.00005122950819672131
0.00005122950819672131
0.00005122950819672131
0.00005122950819672131
0.00005122950819672131
0.00005122950819672131
0.00005122950819672131
0.00005122950819672131
0.010931174089068827
0.010931174089068827
0.010931174089068827
0.010931174089068827
0.03777472527472527
0.07395662847790507
0.09455128205128205
0.033270932607215795
0.14942002442002442
0.08602335164835165
0.09058704453441295
0.27884615384615385
0.2995169517221386
0.000044614921532805194
0.000044614921532805194
0.000044614921532805194
0.000044614921532805194
0.000044614921532805194
0.000044614921532805194
0.000044614921532805194
0.000044614921532805194
0.000044614921532805194
0.000044614921532805194
0.000044614921532805194
0.000044614921532805194
0.010761283652648244
0.010761283652648244
0.010761283652648244
0.010761283652648244
0.0366218973132999
0.07309813957046064
0.09351669285513106
0.032699619635181976
0.14378397660861145
0.08112383281229378
0.0863397836238984
0.2608443018331268
0.27884615384615385