0.
0.
0.
0.
0.
0.
0.
0.
0.
0.
0.
0.
0.18442622950819673
0.0194672131147541
0.0194672131147541
0.0194672131147541
0.0194672131147541
0.012295081967213116
0.11475409836065575
0.4959016393442624
0.27459016393442626
0.06147540983606557
0.040983606557377046
0.010245901639344262
0.010245901639344262
0.
0.
0.
0.
0.
0.
0.
0.
0.
0.
0.
0.
0.18442622950819673
0.0194672131147541
0.0194672131147541
0.0194672131147541
0.0194672131147541
0.012295081967213116
0.11475409836065575
0.4959016393442624
0.27459016393442626
0.06147540983606557
0.040983606557377046
0.010245901639344262
0.010245901639344262
0.
0.
0.
0.
0.
0.
0.
0.
0.
0.
0.
0.
0.18442622950819673
0.0194672131147541
0.0194672131147541
0.0194672131147541
0.0194672131147541
0.012295081967213116
0.11475409836065575
0.4959016393442624
0.27459016393442626
0.06147540983606557
0.040983606557377046
0.010245901639344262
0.010245901639344262
0.
0.
0.
0.
0.
0.
0.
0.
0.
0.
0.
0.
0.18442622950819673
0.0194672131147541
0.0194672131147541
0.0194672131147541
0.0194672131147541
0.012295081967213116
0.11475409836065575
0.4959016393442624
0.27459016393442626
0.06147540983606557
0.040983606557377046
0.010245901639344262
0.010245901639344262
0.
0.
0.
0.
0.
0.
0.
0.
0.
0.
0.
0.
0.18442622950819673
0.0194672131147541
0.0194672131147541
0.0194672131147541
0.0194672131147541
0.012295081967213116
0.11475409836065575
0.4959016393442624
0.27459016393442626
0.06147540983606557
0.040983606557377046
0.010245901639344262
0.010245901639344262
0.
0.
0.
0.
0.
0.
0.
0.
0.
0.
0.
0.
0.18442622950819673
0.0194672131147541
0.0194672131147541
0.0194672131147541
0.0194672131147541
0.012295081967213116
0.11475409836065575
0.4959016393442624
0.27459016393442626
0.06147540983606557
0.040983606557377046
0.010245901639344262
0.010245901639344262
0.
0.
0.
0.
0.
0.
0.
0.
0.
0.
0.
0.
0.18442622950819673
0.0194672131147541
0.0194672131147541
0.0194672131147541
0.0194672131147541
0.012295081967213116
0.11475409836065575
0.4959016393442624
0.27459016393442626
0.06147540983606557
0.040983606557377046
0.010245901639344262
0.010245901639344262
0.
0.
0.
0.
0.
0.
0.
0.
0.
0.
0.
0.
0.18442622950819673
0.0194672131147541
0.0194672131147541
0.0194672131147541
0.0194672131147541
0.012295081967213116
0.11475409836065575
0.4959016393442624
0.27459016393442626
0.06147540983606557
0.040983606557377046
0.010245901639344262
0.010245901639344262
0.
0.
0.
0.
0.
0.
0.
0.
0.
0.
0.
0.
0.18442622950819673
0.0194672131147541
0.0194672131147541
0.0194672131147541
0.0194672131147541
0.012295081967213116
0.11475409836065575
0.4959016393442624
0.27459016393442626
0.06147540983606557
0.040983606557377046
0.010245901639344262
0.010245901639344262
0.
0.
0.
0.
0.
0.
0.
0.
0.
0.
0.
0.
0.18442622950819673
0.0194672131147541
0.0194672131147541
0.0194672131147541
0.0194672131147541
0.012295081967213116
0.11475409836065575
0.4959016393442624
0.27459016393442626
0.06147540983606557
0.040983606557377046
0.010245901639344262
0.010245901639344262
0.
0.
0.
0.
0.
0.
0.
0.
0.
0.
0.
0.
0.18442622950819673
0.0194672131147541
0.0194672131147541
0.0194672131147541
0.0194672131147541
0.012295081967213116
0.11475409836065575
0.4959016393442624
0.27459016393442626
0.06147540983606557
0.040983606557377046
0.010245901639344262
0.010245901639344262
0.
0.
0.
0.
0.
0.
0.
0.
0.
0.
0.
0.
0.18442622950819673
0.0194672131147541
0.0194672131147541
0.0194672131147541
0.0194672131147541
0.012295081967213116
0.11475409836065575
0.4959016393442624
0.27459016393442626
0.06147540983606557
0.040983606557377046
0.010245901639344262
0.010245901639344262
0.015368852459016393
0.015368852459016393
0.015368852459016393
0.015368852459016393
0.015368852459016393
0.015368852459016393
0.015368852459016393
0.015368852459016393
0.015368852459016393
0.015368852459016393
0.015368852459016393
0.015368852459016393
0.023026315789473683
0.023026315789473683
0.023026315789473683
0.023026315789473683
0.09150107411385608
0.0461926091825308
0.02774966261808367
0.12529110386585934
0.046052631578947366
0.013157894736842105
0.02412280701754386
0.
0.
0.0016222677595628414
0.0016222677595628414
0.0016222677595628414
0.0016222677595628414
0.0016222677595628414
0.0016222677595628414
0.0016222677595628414
0.0016222677595628414
0.0016222677595628414
0.0016222677595628414
0.0016222677595628414
0.0016222677595628414
0.023026315789473683
0.023026315789473683
0.023026315789473683
0.023026315789473683
0.09150107411385608
0.0461926091825308
0.02774966261808367
0.12529110386585934
0.046052631578947366
0.013157894736842105
0.02412280701754386
0.
0.
0.0016222677595628414
0.0016222677595628414
0.0016222677595628414
0.0016222677595628414
0.0016222677595628414
0.0016222677595628414
0.0016222677595628414
0.0016222677595628414
0.0016222677595628414
0.0016222677595628414
0.0016222677595628414
0.0016222677595628414
0.023026315789473683
0.023026315789473683
0.023026315789473683
0.023026315789473683
0.09150107411385608
0.0461926091825308
0.02774966261808367
0.12529110386585934
0.046052631578947366
0.013157894736842105
0.02412280701754386
0.
0.
0.0016222677595628414
0.0016222677595628414
0.0016222677595628414
0.0016222677595628414
0.0016222677595628414
0.0016222677595628414
0.0016222677595628414
0.0016222677595628414
0.0016222677595628414
0.0016222677595628414
0.0016222677595628414
0.0016222677595628414
0.023026315789473683
0.023026315789473683
0.023026315789473683
0.023026315789473683
0.09150107411385608
0.0461926091825308
0.02774966261808367
0.12529110386585934
0.046052631578947366
0.013157894736842105
0.02412280701754386
0.
0.
0.00032445355191256827
0.00032445355191256827
0.00032445355191256827
0.00032445355191256827
0.00032445355191256827
0.00032445355191256827
0.00032445355191256827
0.00032445355191256827
0.00032445355191256827
0.00032445355191256827
0.00032445355191256827
0.00032445355191256827
0.018300214822771214
0.018300214822771214
0.018300214822771214
0.018300214822771214
1.9081632653061222
0.28712548849326963
0.15240711669283097
0.2664348925410872
0.24092970521541945
0.1301020408163265
0.05692803437164339
0.04356357927786499
0.049265868347102164
0.00020491803278688525
0.00020491803278688525
0.00020491803278688525
0.00020491803278688525
0.00020491803278688525
0.00020491803278688525
0.00020491803278688525
0.00020491803278688525
0.00020491803278688525
0.00020491803278688525
0.00020491803278688525
0.00020491803278688525
0.009238521836506159
0.009238521836506159
0.009238521836506159
0.009238521836506159
0.28712548849326963
3.127659574468085
0.42553191489361697
0.18259273206552434
0.4037487335359676
0.17059270516717326
0.13055244494214258
0.024549918166939442
0.027401062701558027
0.0009562841530054644
0.0009562841530054644
0.0009562841530054644
0.0009562841530054644
0.0009562841530054644
0.0009562841530054644
0.0009562841530054644
0.0009562841530054644
0.0009562841530054644
0.0009562841530054644
0.0009562841530054644
0.0009562841530054644
0.002774966261808367
0.002774966261808367
0.002774966261808367
0.002774966261808367
0.07620355834641548
0.21276595744680848
1.5064102564102564
0.29178012253233493
0.2826617826617826
0.28125
0.14186909581646423
0.0641025641025641
0.07123042543911057
0.004132513661202186
0.004132513661202186
0.004132513661202186
0.004132513661202186
0.004132513661202186
0.004132513661202186
0.004132513661202186
0.004132513661202186
0.004132513661202186
0.004132513661202186
0.004132513661202186
0.004132513661202186
0.012529110386585935
0.012529110386585935
0.012529110386585935
0.012529110386585935
0.1332174462705436
0.09129636603276217
0.29178012253233493
0.6106194690265486
0.43749122067706137
0.45764854614412137
0.237812451482689
0.049523485364193334
0.055225774433430505
0.0022882513661202186
0.0022882513661202186
0.0022882513661202186
0.0022882513661202186
0.0022882513661202186
0.0022882513661202186
0.0022882513661202186
0.0022882513661202186
0.0022882513661202186
0.0022882513661202186
0.0022882513661202186
0.0022882513661202186
0.004605263157894736
0.004605263157894736
0.004605263157894736
0.004605263157894736
0.12046485260770973
0.2018743667679838
0.2826617826617826
0.43749122067706137
0.5952380952380952
0.41319444444444436
0.2518796992481203
0.15445665445665444
0.17441466619898452
0.000512295081967213
0.000512295081967213
0.000512295081967213
0.000512295081967213
0.000512295081967213
0.000512295081967213
0.000512295081967213
0.000512295081967213
0.000512295081967213
0.000512295081967213
0.000512295081967213
0.000512295081967213
0.0013157894736842103
0.0013157894736842103
0.0013157894736842103
0.0013157894736842103
0.06505102040816325
0.08529635258358663
0.28125
0.45764854614412137
0.41319444444444436
0.4732142857142857
0.2832080200501253
0.14886675824175824
0.16597362544946972
0.0003415300546448087
0.0003415300546448087
0.0003415300546448087
0.0003415300546448087
0.0003415300546448087
0.0003415300546448087
0.0003415300546448087
0.0003415300546448087
0.0003415300546448087
0.0003415300546448087
0.0003415300546448087
0.0003415300546448087
0.0024122807017543857
0.0024122807017543857
0.0024122807017543857
0.0024122807017543857
0.028464017185821696
0.06527622247107129
0.14186909581646423
0.237812451482689
0.2518796992481203
0.2832080200501253
0.3157894736842105
0.08535762483130904
0.0924854861678555
0.00008538251366120217
0.00008538251366120217
0.00008538251366120217
0.00008538251366120217
0.00008538251366120217
0.00008538251366120217
0.00008538251366120217
0.00008538251366120217
0.00008538251366120217
0.00008538251366120217
0.00008538251366120217
0.00008538251366120217
0.
0.
0.
0.
0.021781789638932497
0.012274959083469721
0.0641025641025641
0.049523485364193334
0.15445665445665444
0.14886675824175824
0.08535762483130904
0.0673076923076923
0.07229719524327483
0.00007435820255467533
0.00007435820255467533
0.00007435820255467533
0.00007435820255467533
0.00007435820255467533
0.00007435820255467533
0.00007435820255467533
0.00007435820255467533
0.00007435820255467533
0.00007435820255467533
0.00007435820255467533
0.00007435820255467533
0.
0.
0.
0.
0.02145241022138239
0.011931563520491949
0.06203338571026213
0.048095202934108794
0.15189481454237583
0.14454365338641306
0.0805440624660592
0.06296241768385819
0.0673076923076923